50331648 3882
134480128 3883
84475904 3884
84475904 3885
84672512 3886
84148224 3887
84148224 1794
84344832 3098
84148224 3888
84344832 3855
84148224 3889
84148224 3890
84410368 3891
203686912 0
287571968 1794
671088640 1259
237306880 1794
321191936 0
352321536 1336
285212672 3098
237373184 3098
321257472 0
369098752 3880
184614912 0
704643072 1261
237437952 1794
321323008 0
237504256 3098
321388544 0
352321536 868
338231296 0
304676864 3884
237634560 1794
271264260 3884
321585152 0
204211200 0
338493440 0
472722732 0
707592192 1263
237896704 1794
321781760 0
204407808 1
338690048 0
305147648 3884
721420288 1264
671088640 1263
671088640 1264
721420288 1262
671088640 1261
238093312 1794
321978368 0
204604416 0
338886656 0
305345024 3884
671088640 1262
238289920 1794
322174976 0
204801024 1
339083264 0
540423733 0
288751616 1794
238486528 1794
322371584 0
238552064 2188
339279872 0
439957816 0
691601408 1260
721420288 1259
671088640 1260
205128704 0
289013760 3887
205194240 0
289079296 1794
671088640 1265
238814208 1794
272448516 3884
322764800 0
205390848 0
339673088 0
457129790 0
708771840 1267
239076352 1794
322961408 0
352321536 1336
285212672 3098
239141888 3887
323026944 0
205652992 0
339935232 0
306397696 3885
239338496 3887
323223552 0
352321536 745
340066304 0
306511872 3886
239469568 1794
289800192 3888
671088640 1269
239535104 3888
273172228 3884
323485696 0
206111744 0
340393984 0
457853513 0
709492736 1271
239797248 3888
323682304 0
352321536 1336
285212672 3855
239863552 3098
323747840 0
239929088 3855
323813376 0
369098752 3292
184680448 0
704643072 1273
239993856 3887
323878912 0
240059392 3887
273698564 3885
324009984 0
240190464 3888
273830148 3884
340983808 0
542331730 0
341049344 0
307516160 3885
240452608 3887
274093319 3886
324403200 0
240584448 3855
324468736 0
352321536 748
240649216 3888
324534272 0
207160320 0
341442560 0
307910912 3884
721420288 1274
671088640 1273
671088640 1274
721420288 1272
671088640 1271
671088640 1272
240845824 3888
324730880 0
207356928 1
341639168 0
542989660 0
291307520 3888
241042432 3888
324927488 0
241107968 2188
341835776 0
442523743 0
694157312 1270
721420288 1269
671088640 1270
241239040 3887
325124096 0
207750144 1
342032384 0
543384418 0
291700736 3887
721420288 1268
671088640 1267
671088640 1268
241435648 1794
325320704 0
207946752 1
342228992 0
543581797 0
291897344 1794
241632256 1794
325517312 0
241697792 2188
342425600 0
443115880 0
694747136 1266
721420288 1265
671088640 1266
208275456 1
292159488 2513
241894400 3887
325779456 0
208405504 0
342687744 0
460156268 0
711786496 1275
208536576 1
627965952 0
292421632 3889
208602112 1
628031488 0
292487168 3890
208667648 0
292552704 1794
671088640 1277
242287616 1794
275935492 3885
326238208 0
242418688 3890
343146496 0
527725683 0
712245248 1279
242549760 1794
292880384 3889
242615296 1794
276264452 3885
293011456 3890
721420288 1280
671088640 1279
671088640 1280
242746368 1794
326631424 0
209257472 1
343539712 0
544897657 0
293208064 1794
242942976 1794
326828032 0
243008512 3887
343736320 0
444431740 0
696057856 1278
721420288 1277
671088640 1278
209586176 0
293470208 3891
209650688 0
293535744 1794
671088640 1281
243270656 1794
327155712 0
243336192 3889
344064000 0
461537921 0
713162752 1283
243467264 3890
327352320 0
243532800 3883
327417856 0
243598336 1794
277251332 3885
344391680 0
579307398 0
344457216 0
512264327 0
713555968 1285
210307072 1
294191104 3891
721420288 1286
671088640 1285
671088640 1286
721420288 1284
671088640 1283
671088640 1284
243926016 1794
327811072 0
210437120 1
344719360 0
546081931 0
294387712 1794
244122624 1794
328007680 0
244188160 3887
344915968 0
445616014 0
697237504 1282
721420288 1281
671088640 1282
244320256 3891
714080256 1287
210830336 0
294715392 1794
671088640 1289
244450304 1794
278106631 3886
328400896 0
261358336 3825
328466432 0
352321536 755
244646912 1794
328531968 0
211158016 1
345440256 0
546805654 0
295108608 1794
244843520 1794
328728576 0
244909056 3887
345636864 0
446339737 0
697958400 1290
721420288 1289
671088640 1290
721420288 1288
671088640 1287
211485696 0
295370752 1794
671088640 1291
245105664 1794
328990720 0
245171200 3889
345899008 0
463380125 0
714997760 1293
245302272 1794
278961927 3886
329252864 0
262210304 3828
329318400 0
352321536 755
721420288 1294
671088640 1293
671088640 1294
245498880 1794
329383936 0
212009984 1
346292224 0
547660963 0
295960576 1794
245695488 1794
329580544 0
245761024 3887
346488832 0
447195046 0
698810368 1292
721420288 1291
671088640 1292
245892096 3889
279554055 3886
329842688 0
262800128 3826
329908224 0
352321536 755
671088640 1288
721420288 1276
671088640 1275
671088640 1276
201326592 0
654311424 0
67108864 0